9780006544890
9780007152520
9780007351039
9780007548699
9780060732608
9780062686664
9780099276586
9780099282877
9780099438045
9780099512165
9780099548362
9780099771814
9780099800408
9780099908401
9780099909408
9780099982401
9780140015669
9780140055214
9780140129533
9780140129557
9780140129595
9780140129618
9780140135619
9780140138115
9780140138122
9780140169621
9780140185584
9780140203257
9780140222654
9780140222678
9780140222722
9780140228458
9780140276343
9780140294910
9780140430011
9780140430264
9780140432251
9780140433623
9780140434132
9780140510010
9780140623598
9780141008257
9780141008585
9780141015538
9780141030081
9780141030999
9780141346090
9780141439570
9780142402511
9780143113720
9780143132677
9780192810618
9780192815248
9780192815729
9780192816832
9780192832696
9780194313353
9780194313421
9780195016529
9780199569410
9780262550420
9780297842439
9780307280510
9780307386458
9780307408846
9780307455925
9780307719225
9780316109338
9780316228534
9780316349932
9780316725088
9780330256445
9780330262132
9780330450867
9780339075960
9780340717042
9780340994689
9780345430571
9780349113029
9780367277291
9780374533557
9780375403552
9780375703768
9780375725081
9780385347778
9780385536820
9780385544153
9780385721707
9780393048254
9780393329810
9780393635362
9780415026949
9780415123433
9780415169288
9780416101607
9780451163516
9780460870344
9780465026562
9780500293690
9780500510346
9780510343217
9780521287234
9780521422123
9780521517140
9780525478812
9780525486176
9780552778251
9780553212327
9780553213348
9780553342901
9780553447897
9780553820249
9780563521839
9780571105489
9780571143047
9780571154913
9780571167418
9780571172535
9780571200337
9780571200436
9780571222995
9780571235926
9780571239481
9780575075207
9780582777316
9780586044483
9780586044766
9780590444590
9780600610779
9780618735167
9780670069712
9780671039721
9780671510992
9780674055292
9780674807426
9780679723165
9780679723394
9780679727224
9780691017846
9780691137353
9780714825847
9780714890517
9780714897356
9780743231800
9780747542988
9780747546245
9780747551003
9780747554660
9780747554714
9780747581086
9780747591054
9780751572865
9780751584189
9780751584202
9780753823798
9780785929024
9780802125552
9780805073393
9780810902626
9780811201896
9780812969658
9780812977233
9780812993547
9780814407691
9780828837408
9780847814275
9780853424062
9780857522320
9780858643081
9780865475120
9780874776942
9780941434201
9780955471223
9780966583298
9780970373908
9781015562929
9781316504864
9781371035907
9781400031351
9781400031368
9781400031801
9781400041169
9781405206242
9781408704004
9781408704035
9781408730959
9781444768763
9781451681925
9781452126579
9781472924148
9781476727653
9781522796152
9781524731656
9781529077261
9781529157260
9781541742482
9781568585260
9781573226882
9781586487980
9781590178096
9781592576340
9781594634024
9781633605404
9781648580321
9781648580338
9781648580345
9781684125555
9781741211160
9781780749204
9781781003169
9781781853771
9781784700843
9781785031540
9781838666705
9781840246674
9781841157832
9781846147586
9781847394071
9781849162753
9781853260049
9781857150308
9781860463655
9781906694159
9782010115547
9782010119538
9782010152504
9782011356246
9782012372368
9782012372467
9782020000116
9782020005852
9782020006446
9782020046053
9782020057295
9782020068079
9782020096287
9782020102438
9782020109000
9782020134170
9782020168687
9782020213677
9782020259194
9782020302067
9782020314862
9782020335164
9782020361538
9782020512497
9782020557719
9782020796569
9782020844819
9782021082289
9782021092158
9782021117707
9782021219555
9782021282573
9782021323672
9782021427424
9782021518689
9782040184438
9782070100156
9782070101733
9782070101757
9782070104031
9782070104048
9782070104574
9782070105793
9782070106974
9782070107933
9782070108299
9782070108534
9782070109616
9782070109708
9782070110674
9782070110841
9782070111053
9782070111367
9782070111435
9782070114757
9782070115594
9782070116157
9782070116355
9782070117697
9782070120512
9782070123223
9782070124640
9782070124855
9782070126002
9782070126163
9782070126705
9782070128839
9782070129249
9782070134571
9782070135431
9782070141937
9782070144327
9782070145614
9782070146826
9782070147045
9782070185979
9782070197521
9782070213030
9782070231539
9782070234745
9782070286751
9782070294718
9782070297443
9782070298709
9782070300075
9782070308552
9782070311880
9782070320691
9782070321957
9782070323029
9782070323524
9782070324712
9782070324934
9782070326624
9782070338641
9782070350421
9782070350896
9782070354399
9782070354795
9782070358687
9782070360284
9782070360420
9782070360628
9782070362844
9782070364398
9782070367696
9782070367702
9782070367863
9782070367986
9782070369591
9782070369973
9782070370962
9782070371440
9782070372225
9782070373628
9782070373918
9782070374984
9782070380596
9782070381319
9782070383382
9782070383993
9782070384006
9782070384655
9782070385645
9782070387830
9782070403264
9782070408832
9782070409105
9782070409280
9782070416219
9782070422067
9782070439805
9782070442553
9782070450893
9782070453863
9782070463480
9782070512546
9782070513284
9782070513468
9782070514427
9782070522545
9782070528189
9782070541270
9782070543588
9782070549283
9782070552023
9782070556854
9782070572670
9782070704491
9782070712809
9782070714704
9782070715114
9782070718665
9782070719907
9782070724680
9782070724741
9782070725809
9782070727384
9782070731404
9782070736294
9782070743018
9782070748792
9782070759071
9782070761852
9782070762637
9782070773336
9782070774678
9782070775040
9782070775064
9782070786367
9782070793754
9782072689079
9782072722325
9782072738449
9782072743863
9782072801549
9782072860188
9782072895142
9782072930065
9782072952333
9782072983221
9782072983375
9782080102379
9782080102553
9782080263704
9782080690401
9782080700209
9782080700766
9782080701114
9782080704283
9782080810588
9782080811929
9782080815002
9782081212480
9782081212961
9782081216488
9782081233133
9782081255258
9782081360440
9782081378261
9782081413146
9782081429543
9782081486218
9782081638471
9782081640023
9782082000611
9782082005678
9782082015394
9782082025010
9782082102896
9782082115254
9782091720111
9782091720128
9782092821152
9782130368946
9782130425946
9782130426226
9782130435587
9782200624521
9782203001015
9782203001022
9782203001039
9782203001046
9782203001053
9782203001060
9782203001077
9782203001084
9782203001091
9782203001107
9782203001114
9782203001138
9782203001145
9782203001152
9782203001169
9782203001183
9782203001190
9782203001213
9782203004016
9782203004047
9782203009479
9782203011014
9782203011052
9782203011069
9782203011090
9782203011427
9782203015029
9782203015036
9782203017016
9782203020269
9782203231412
9782203254404
9782204081252
9782205066876
9782207112380
9782207158654
9782207229071
9782207233702
9782207247426
9782207280461
9782207280478
9782207281970
9782210423015
9782211025973
9782211049283
9782211071611
9782213003795
9782213012162
9782213016122
9782213020280
9782213614649
9782213628981
9782213663098
9782213671567
9782213681047
9782213681856
9782213726083
9782218034671
9782218717161
9782220032658
9782221001479
9782221054413
9782221064528
9782221092019
9782221097502
9782221141441
9782221219003
9782221247082
9782221501290
9782226038128
9782226129352
9782226141361
9782226443885
9782227470743
9782232101274
9782232103087
9782234007031
9782234010833
9782234056589
9782234075610
9782234077447
9782234086166
9782244437149
9782246138822
9782246392217
9782246398127
9782246545910
9782246686019
9782246688310
9782246688414
9782246811138
9782246813095
9782246820666
9782246855293
9782246855637
9782246855873
9782246862031
9782251010311
9782251010328
9782251447360
9782253001553
9782253006725
9782253030423
9782253030430
9782253035794
9782253047773
9782253126164
9782253131212
9782253150718
9782253181590
9782253936930
9782258060432
9782258063761
9782258096103
9782259211109
9782259249188
9782260002260
9782260009368
9782260013990
9782262027100
9782262030377
9782262074470
9782262079932
9782262095147
9782263014017
9782263071683
9782264005878
9782264009326
9782265058248
9782265071360
9782265073005
9782266043175
9782266104531
9782266119825
9782266127745
9782266135467
9782266219976
9782266283786
9782266291897
9782266313049
9782267003260
9782267004427
9782267017724
9782277112594
9782277137047
9782277300786
9782283020203
9782290041000
9782290235805
9782290302156
9782290349311
9782290351284
9782298161076
9782330072612
9782340047808
9782348077616
9782350760032
9782352045939
9782352120834
9782353670444
9782360757770
9782361065096
9782365591546
9782367163093
9782368909751
9782370840073
9782370840790
9782371190078
9782374483214
9782413010364
9782501043526
9782501073882
9782700046205
9782700053807
9782700064605
9782700064643
9782700702460
9782701136004
9782701151724
9782701156309
9782701183152
9782702120316
9782702205129
9782702903605
9782707182098
9782707189592
9782707301352
9782707301482
9782707313867
9782707328984
9782708111691
9782708705319
9782709612968
9782709614450
9782709624930
9782709630405
9782714302991
9782714429599
9782714436139
9782715204867
9782718600147
9782718605760
9782720202018
9782729819545
9782729841102
9782731801293
9782732000084
9782732431208
9782732434803
9782737001222
9782738116697
9782742719358
9782742751518
9782743615819
9782743800208
9782744121388
9782744124389
9782744135002
9782745301673
9782747013550
9782749104201
9782749140377
9782749173979
9782757820322
9782757825730
9782757841938
9782757843017
9782757850343
9782812400896
9782812401268
9782818021187
9782818038765
9782818051382
9782818052648
9782823609851
9782830709414
9782841420339
9782842059194
9782842712600
9782842712693
9782842712976
9782842713546
9782842713652
9782842718855
9782843040009
9782843040528
9782843040603
9782844141132
9782844203069
9782844851390
9782846822251
9782848990248
9782849010471
9782850250439
9782851088871
9782851205247
9782852299566
9782858150557
9782858502523
9782858504718
9782858681884
9782859566265
9782859566449
9782862602578
9782862602868
9782862604145
9782863740033
9782864247227
9782864323525
9782866422080
9782867440458
9782867440663
9782867440670
9782867441615
9782868691217
9782868698926
9782869300552
9782872670314
9782877068161
9782878580518
9782878581904
9782878681406
9782880011871
9782880012458
9782889730117
9782895784432
9782901376859
9782904388118
9782905899026
9782908024029
9782908978001
9782909031569
9782909317274
9782909808390
9782913563827
9782914353304
9782915083163
9782916195469
9782916400365
9782916400402
9782940427017
9782950125804
9783100381354
9783125556102
9783218004824
9783257242126
9783491912052
9783492054201
9783551732248
9783596181162
9783640483419
9783746628110
9783822805398
9783822835401
9783822891193
9783836525459
9783848004409
9783895080944
9783899195842
9783980858755
9784990211592
9788207036074
9788535906707
9788804146643
9788804234951
9788804240723
9788804273684
9788804283195
9788804320555
9788804342847
9788804343257
9788804347286
9788804352211
9788804361459
9788804379973
9788804380275
9788804396628
9788804405382
9788804407805
9788804425540
9788804448389
9788804450849
9788804468646
9788804472940
9788804476771
9788804484912
9788804492603
9788804493044
9788804497974
9788804500919
9788804508458
9788804509097
9788804532408
9788804533085
9788804546757
9788804553441
9788804554509
9788804556893
9788804593683
9788804594130
9788804599128
9788804626060
9788804670308
9788804678038
9788804681007
9788804685838
9788804687658
9788804712572
9788804719632
9788804746614
9788805059423
9788806035501
9788806056797
9788806114176
9788806117917
9788806122058
9788806126957
9788806130688
9788806135171
9788806135669
9788806136154
9788806136413
9788806139834
9788806146511
9788806146559
9788806151799
9788806152567
9788806155315
9788806160425
9788806164089
9788806166076
9788806166489
9788806177409
9788806180799
9788806210885
9788806212407
9788806216290
9788806218607
9788806220099
9788806222314
9788806227579
9788806231392
9788806240066
9788806251390
9788806252588
9788806354107
9788806441647
9788806518967
9788806593315
9788806599539
9788807014147
9788807014468
9788807014581
9788807017735
9788807017933
9788807017988
9788807019180
9788807031588
9788807171246
9788807171437
9788807490316
9788807490439
9788807492068
9788807809798
9788807810008
9788807810800
9788807812439
9788807813023
9788807814341
9788807815324
9788807816062
9788807816253
9788807816765
9788807818233
9788807818486
9788807818677
9788807818820
9788807819698
9788807820434
9788807820885
9788807821196
9788807840777
9788807880438
9788807881428
9788807891342
9788807920868
9788808096579
9788808176882
9788809041936
9788809849129
9788809989634
9788811363422
9788811364283
9788811519782
9788811600275
9788811635987
9788811665403
9788811666295
9788811666752
9788811666769
9788811669043
9788811680727
9788811694625
9788811810506
9788815059628
9788815119612
9788815248008
9788815253101
9788815259868
9788815260499
9788815263711
9788815266385
9788815273345
9788815273659
9788815283184
9788815290892
9788815291103
9788817000567
9788817002240
9788817002349
9788817002462
9788817005005
9788817009430
9788817010320
9788817014939
9788817017817
9788817019330
9788817023795
9788817031141
9788817052344
9788817061841
9788817066969
9788817068697
9788817072380
9788817106047
9788817124287
9788817128216
9788817138338
9788817167949
9788817169400
9788817258739
9788817676823
9788820053123
9788820114695
9788823506367
9788823516854
9788823520707
9788828203117
9788828603207
9788828604365
9788829701865
9788829701919
9788829702671
9788829709564
9788830102651
9788830104969
9788830106628
9788830421424
9788830424272
9788830424418
9788831708005
9788831712255
9788831728508
9788831728775
9788831761048
9788831772112
9788831798402
9788832020021
9788833243405
9788833914954
9788833916798
9788834004005
9788834417980
9788835938934
9788835950073
9788835952411
9788835953746
9788835954378
9788836641437
9788836805969
9788837097073
9788838922497
9788838927058
9788838927621
9788838930539
9788838931918
9788838932533
9788838933448
9788838935527
9788838937965
9788838940774
9788839551528
9788841619230
9788842028871
9788842051176
9788842067887
9788842094814
9788842495901
9788842533177
9788842813958
9788842927136
9788843301669
9788843407590
9788844001797
9788844005177
9788844080273
9788845102974
9788845171314
9788845174131
9788845177873
9788845180132
9788845181832
9788845199820
9788845222337
9788845223181
9788845246241
9788845272134
9788845273537
9788845277415
9788845296383
9788845902741
9788845903267
9788845903465
9788845905100
9788845905636
9788845906862
9788845906886
9788845910074
9788845911064
9788845911125
9788845915765
9788845916755
9788845917073
9788845917103
9788845918711
9788845919619
9788845922848
9788845923630
9788845923999
9788845924477
9788845925238
9788845926266
9788845926402
9788845929250
9788845931215
9788845932076
9788845934407
9788847425255
9788847710467
9788847711822
9788848117135
9788849127225
9788849404920
9788849412857
9788850213979
9788850214013
9788850252787
9788851415884
9788854015135
9788854165526
9788854169869
9788854184190
9788854198203
9788856680065
9788857233253
9788857239545
9788858001226
9788858041307
9788858119280
9788858133323
9788860306418
9788860529145
9788861895348
9788861900547
9788861901742
9788862080873
9788862569873
9788865209028
9788865417096
9788865492987
9788865590003
9788866321927
9788866483434
9788867211432
9788868336707
9788868390457
9788869232305
9788869435003
9788870005653
9788870005684
9788870684483
9788870786972
9788871224602
9788871640280
9788871688053
9788872920961
9788873078418
9788873660323
9788873818960
9788873819783
9788873856511
9788876153839
9788876250286
9788876443039
9788876842528
9788876847929
9788877466440
9788877683984
9788877822789
9788877827029
9788877828552
9788877828576
9788877828590
9788877828989
9788877829030
9788877829429
9788878188808
9788878474635
9788879113953
9788879114547
9788879262422
9788879262989
9788879263108
9788879272391
9788879520041
9788879724289
9788879836135
9788879840842
9788880800620
9788881836482
9788882131326
9788882131333
9788882792237
9788883425417
9788883425738
9788883586392
9788884166142
9788884409942
9788884511416
9788884511607
9788884511935
9788884512444
9788884513090
9788884513632
9788884514363
9788884516237
9788884906830
9788885668362
9788885854390
9788886089517
9788886089555
9788886452731
9788886468237
9788887132625
9788888108223
9788888700441
9788889431122
9788889642481
9788890326905
9788890772030
9788891297259
9788893082532
9788893360234
9788893360746
9788893361033
9788893447751
9788893903189
9788894953657
9788895177472
9788895744407
9788895862118
9788896328057
9788897424659
9788898301508
9788898829156
9788898970759
9788899240387
9788899920012
9788899997502
9789053562185
9789053564066
9789590307133
9789722029063
9789779062853
9789896226763
9791020407160
9791021030428
9791021048904
9791022608381
9791023904178
9791027800209
9791090216099
9791090743922
9791092457186
9791093463124
9791095772132
9792842781958
